Id,SalePrice
1461,128608.67164006467
1462,152329.04654859073
1463,179613.09150609034
1464,181026.9485004267
1465,197114.8096337724
1466,181252.95151953553
1467,166362.00588834888
1468,165767.05207770175
1469,182912.37902386943
1470,126640.29828593307
1471,195692.59985017922
1472,95390.28981642886
1473,92060.35887518543
1474,150452.3509198989
1475,139504.062126523
1476,384762.0394336824
1477,257269.64221431222
1478,307748.58170464257
1479,260623.29504157964
1480,480751.16453011875
1481,315913.8319291614
1482,210093.0134821439
1483,162095.21754095945
1484,174292.05618939496
1485,177982.02114137964
1486,192298.81998409907
1487,347445.39653046214
1488,238645.14896731434
1489,202034.78124687943
1490,226613.6619278825
1491,193282.22877038497
1492,95753.59171878363
1493,199564.40455022923
1494,302964.3358296412
1495,295674.87638854765
1496,219353.60607751805
1497,177157.99562012206
1498,159251.80027942284
1499,161841.95851448487
1500,144990.99726708952
1501,165434.45599870215
1502,152918.8823862216
1503,307118.08227555495
1504,226832.4224236093
1505,221871.86261029576
1506,197873.53080608076
1507,235188.98101835698
1508,200739.37975380346
1509,162014.5984575053
1510,144761.78601341305
1511,139127.55071163952
1512,172127.68972156898
1513,148650.2002125127
1514,185914.04394662063
1515,219387.86614938537
1516,170989.7793007446
1517,155358.24146137206
1518,136529.83534693846
1519,229620.52792670348
1520,134947.0462044865
1521,134414.13747123865
1522,174235.82121859706
1523,98820.56882813487
1524,125128.99448784709
1525,129244.32629926688
1526,127722.93957218115
1527,107091.71373160635
1528,132956.52771174518
1529,142858.5558112765
1530,181841.17094194292
1531,107817.71756793247
1532,113414.06524209348
1533,161516.7017531673
1534,118805.08210072423
1535,161153.298431194
1536,112975.43329641655
1537,81239.38665439037
1538,189987.4766160791
1539,203048.31178250865
1540,91912.24054670868
1541,154197.74003323878
1542,129133.10549179491
1543,234006.63978223802
1544,91109.53888102945
1545,109343.99524955843
1546,130629.3700507116
1547,130800.22353880493
1548,130609.9952523213
1549,109963.80047741087
1550,140132.55663053182
1551,124336.57895012191
1552,132966.24518041103
1553,159098.3009311092
1554,109446.70168760967
1555,163535.36011715006
1556,81731.51890144646
1557,111946.43687791326
1558,97578.9637501497
1559,83345.53557511262
1560,153324.69654062152
1561,136036.12225045988
1562,129031.7966042922
1563,122440.60340909605
1564,157004.2770086055
1565,147507.37425141394
1566,213077.42008290585
1567,78382.43149447559
1568,217600.26075269197
1569,122658.18525047491
1570,134543.5922633387
1571,120776.35625734256
1572,152832.09878757308
1573,280878.65998694254
1574,116391.44309882772
1575,224992.10803714392
1576,218984.13786374658
1577,197652.39788294377
1578,154862.10168246302
1579,150575.76192017202
1580,194574.27540746695
1581,146478.25670607027
1582,132965.9585070233
1583,335422.78620048804
1584,232619.1268122779
1585,136665.67538266478
1586,84853.7609804487
1587,103416.5797408396
1588,141044.37953643117
1589,109142.78216875516
1590,135831.84817554013
1591,97881.90482516735
1592,123767.49937960596
1593,137082.35759042867
1594,109988.14310406477
1595,106961.13266697068
1596,238888.79671972877
1597,180186.72660665572
1598,191260.2600774344
1599,192477.75772619917
1600,191541.1141330125
1601,77308.73360203693
1602,109918.43851287304
1603,93394.52759982413
1604,275704.4840029769
1605,250726.5388397546
1606,164369.9370837041
1607,150943.66491791178
1608,227326.26287667028
1609,193801.58171721842
1610,158423.82044488096
1611,139809.61950448257
1612,163431.84579557416
1613,161338.0276274099
1614,120858.11378482686
1615,88848.70682740575
1616,63131.841224305914
1617,87932.17389784532
1618,128960.66320706237
1619,136630.94246164957
1620,145076.4361295162
1621,133556.33447302124
1622,133625.88399086823
1623,303117.9090096934
1624,210635.85043398154
1625,133281.95777098424
1626,164982.0478654874
1627,185901.24967723672
1628,279517.5375594565
1629,183499.42754669287
1630,356846.6411851918
1631,218154.70748534947
1632,255120.67015734635
1633,169495.21959326885
1634,177535.4219295712
1635,180445.83445065762
1636,151593.49525294377
1637,194033.29901820616
1638,221842.82776269296
1639,185846.33687739423
1640,255474.04602919566
1641,180226.51402264705
1642,209885.09860513758
1643,213105.8223207168
1644,216329.04148547183
1645,201484.61936588338
1646,156108.6750415737
1647,173782.02346299728
1648,127427.01159262123
1649,137697.49557957638
1650,127535.93754866021
1651,128637.39670696015
1652,100835.14618056912
1653,98521.53572954517
1654,154222.83518903895
1655,160901.1491169405
1656,147407.7915245246
1657,154714.4111314707
1658,144972.78579886782
1659,147635.97629779126
1660,151456.28180029476
1661,457277.01479580527
1662,449866.7586715407
1663,400860.1585184994
1664,416912.7999301232
1665,323678.73386511795
1666,353158.6183994086
1667,365884.0916958661
1668,340597.34404311166
1669,299693.50854669546
1670,349686.2391860439
1671,262976.88975586125
1672,460064.9889641915
1673,318932.06301643956
1674,251747.09522692906
1675,176624.7957489372
1676,179662.4235353233
1677,218018.78494640574
1678,449489.8909640359
1679,365445.3873978213
1680,344411.0300393906
1681,261638.37137781564
1682,304207.27957092656
1683,175493.25351617785
1684,179615.3830262602
1685,175087.56102284387
1686,174795.5712923376
1687,169375.94185354564
1688,185500.43234393327
1689,190993.58601964955
1690,183400.8885820476
1691,175374.83937260034
1692,271010.19635103387
1693,171644.224260768
1694,181581.4622097237
1695,168397.16042507984
1696,275063.09078760556
1697,171864.87477082547
1698,388945.9347522823
1699,347161.7183863098
1700,242342.65767947544
1701,267900.3333255036
1702,277681.13090744434
1703,262392.5317008984
1704,315370.3700845882
1705,220768.55724484994
1706,472641.25456977
1707,207081.79742125247
1708,208349.6224872765
1709,313411.05263250397
1710,219311.27336483344
1711,250380.06901120607
1712,262698.7407075518
1713,272194.46420662204
1714,217665.6484607207
1715,198857.166073397
1716,191360.81441588973
1717,185539.8457686533
1718,137925.9051178339
1719,198644.53642158152
1720,246971.62090841695
1721,184267.3066836552
1722,135778.67799453167
1723,166351.9182522043
1724,231566.8238324013
1725,235862.29838823626
1726,178269.44466451657
1727,147249.88856252437
1728,187583.32024548843
1729,165767.03654372488
1730,171393.18308446155
1731,112605.17135633467
1732,136519.10046965635
1733,117937.22167163274
1734,130489.45787875229
1735,133600.7472386773
1736,114443.17275594019
1737,343862.2476230519
1738,207507.80455407544
1739,289433.903084344
1740,226320.62087578856
1741,193277.81770197902
1742,164542.51497428416
1743,170500.43344481158
1744,301890.8545614984
1745,204841.75372123832
1746,220378.86034910183
1747,215602.01675740725
1748,222936.98611931893
1749,148445.52006707288
1750,138899.95875795846
1751,245355.41136526814
1752,118734.89594795463
1753,149683.40313260353
1754,222613.2206816856
1755,158897.1441116921
1756,137833.12418525963
1757,126662.83738259411
1758,146538.86044694757
1759,171363.50033371052
1760,159881.6338855019
1761,149535.9633007803
1762,170294.6911450854
1763,172779.63107872877
1764,113753.72189792784
1765,182327.9685069941
1766,182103.6042797468
1767,246017.87531085734
1768,146481.5513253188
1769,182741.17778175077
1770,149147.50778785412
1771,134726.56873520254
1772,137853.65065879613
1773,124388.40186258276
1774,123377.11832401388
1775,135562.34162901653
1776,126654.29883071371
1777,117363.84299901802
1778,132410.3416837282
1779,112135.8914884876
1780,183124.4458146366
1781,132895.36209683723
1782,91660.64646187308
1783,128748.4653045064
1784,92115.05981160614
1785,114704.74314162786
1786,163446.7914877686
1787,170670.98616327034
1788,69443.34555907891
1789,109177.68955848979
1790,86590.03004801579
1791,178286.3141391085
1792,161675.9443658442
1793,128934.42348228338
1794,142444.06197756476
1795,138835.16264481642
1796,119365.8501229417
1797,116753.19767004726
1798,117393.52536822467
1799,117690.01166320416
1800,121461.13210804075
1801,132633.52539435556
1802,157020.87498713192
1803,152759.2010178114
1804,134191.29400342875
1805,135597.3739750414
1806,113877.8252589176
1807,134327.70326282084
1808,127640.24648218673
1809,125676.85848901611
1810,147286.67111468303
1811,100422.0777625034
1812,98478.01112112771
1813,116391.46931039353
1814,103159.60516820001
1815,51521.600663560566
1816,90701.90102506104
1817,97230.88482436226
1818,147507.3893822081
1819,122416.66400788224
1820,60965.850936590934
1821,115034.79193472693
1822,151361.22157763704
1823,57114.10050267852
1824,136046.54484210265
1825,120439.48075304719
1826,92895.49780830104
1827,104146.32382023125
1828,127717.9749918977
1829,115576.70054937054
1830,145243.92514630684
1831,190148.92661450102
1832,89947.1836295659
1833,146381.92801030446
1834,123621.54741640265
1835,157373.71381025543
1836,129061.5910611487
1837,107967.81391489659
1838,131631.126616583
1839,80438.02143375298
1840,154543.67919647717
1841,135361.31509245196
1842,70386.62546455723
1843,140537.16370024366
1844,132293.59622890185
1845,131822.3692688853
1846,152354.8413898767
1847,140763.23612292577
1848,61326.552354986765
1849,119926.45131916928
1850,125200.88733214077
1851,152684.12496992244
1852,125366.92165082817
1853,127314.31012928703
1854,176964.704899262
1855,141099.0765325837
1856,213381.8300045667
1857,178606.1844268727
1858,132053.53757631555
1859,121563.06116982739
1860,145648.2808106742
1861,121563.06116982739
1862,306521.7847127814
1863,302085.0412342441
1864,302085.0412342441
1865,327664.85821179434
1866,350593.6817623536
1867,270589.61218164733
1868,324711.6982488366
1869,202476.90686170792
1870,269596.8579941405
1871,249034.1211489729
1872,174211.18995544635
1873,221202.1354982405
1874,143878.30684347928
1875,212217.87973195344
1876,192018.6453938016
1877,209881.77658746476
1878,217023.55435655493
1879,130315.94332356367
1880,135172.09741445418
1881,243157.18148215231
1882,259918.48708619585
1883,194271.61180478983
1884,209295.33281863245
1885,263212.3739271521
1886,314345.75182044314
1887,198178.96421356095
1888,311207.7222649802
1889,175722.05239859194
1890,133248.33903846872
1891,142675.53916927773
1892,111080.69361583417
1893,129427.20521432876
1894,131235.29839404838
1895,147749.4436526429
1896,121566.92198608253
1897,109782.56472768208
1898,106918.49999289379
1899,136340.67081209083
1900,155824.2062922849
1901,159272.32357853645
1902,134430.98204233072
1903,211518.935977704
1904,130616.12445504936
1905,177330.4490907168
1906,162550.83045125921
1907,208733.49167093338
1908,120871.2478570032
1909,135969.0598924434
1910,123472.11746291343
1911,202849.97911083294
1912,316835.2576410901
1913,155122.3649090628
1914,80370.30142421661
1915,300051.3545544318
1916,66447.30231708086
1917,288878.17361464794
1918,138768.88410938784
1919,161043.01063532912
1920,166917.58281276646
1921,450108.35413021554
1922,332635.79719021247
1923,205127.75480469913
1924,212241.80466995933
1925,214950.65844455163
1926,394271.85254961374
1927,135964.27630524692
1928,169510.45727592838
1929,121745.10042965756
1930,128387.64733210288
1931,147379.0576478239
1932,133299.34167715412
1933,160644.91290422878
1934,176680.83061553896
1935,174316.93882487752
1936,180451.59998319627
1937,185621.6282901869
1938,171013.46699926638
1939,236891.3769865997
1940,192417.79911722383
1941,177091.0349078625
1942,182700.51522692956
1943,206387.64621558608
1944,313799.17449964106
1945,377179.36386643717
1946,152112.61649348636
1947,292416.64292396465
1948,192011.70835763207
1949,219310.328925703
1950,185944.08973789486
1951,245479.63376031586
1952,213956.32339614595
1953,161252.09319339952
1954,205150.23340336094
1955,129934.57431519125
1956,302593.5028865622
1957,159769.9389877953
1958,312632.22303641704
1959,130081.79078925707
1960,116537.15601494466
1961,111962.97243010967
1962,97772.5076854
1963,104124.98901145282
1964,104591.42818373341
1965,140382.30336123385
1966,158229.535525313
1967,284108.5415667038
1968,399127.01815446495
1969,396885.80950137164
1970,449160.72104759014
1971,466403.06223854783
1972,375679.89455101476
1973,287086.9541711302
1974,302756.9755562591
1975,424152.84902245336
1976,273105.33064236626
1977,357059.38124146085
1978,367719.16605813015
1979,346462.7350054599
1980,188933.06114117504
1981,350525.55349784065
1982,228115.78263358062
1983,210076.57334940578
1984,170549.88134104566
1985,213962.79571791188
1986,216392.09201591348
1987,173145.06415717033
1988,175752.7889755064
1989,195428.52570405215
1990,213613.7166881159
1991,219219.18409864613
1992,207598.25283844586
1993,171298.53008264836
1994,239511.93057837806
1995,190730.24367299888
1996,258676.31291324773
1997,325246.68632720195
1998,362944.7789522632
1999,248871.96051448552
2000,313603.9710581124
2001,266145.39913077425
2002,239136.17263441847
2003,255795.73497056146
2004,263850.95659231965
2005,222620.49873659806
2006,231862.28773928384
2007,250129.56368716585
2008,218676.00392149118
2009,184615.50678144943
2010,199221.81622688696
2011,160116.63377068623
2012,182601.00117610968
2013,178206.04529722023
2014,173974.300262721
2015,196105.57723485463
2016,184385.3631261813
2017,197908.90962694978
2018,117540.92264270576
2019,138050.7472282764
2020,120495.45495658375
2021,111072.63993797525
2022,181070.58608895188
2023,130973.47719820327
2024,245756.2519217818
2025,365634.2618535679
2026,172566.1944424712
2027,144990.99726708952
2028,165337.51142812805
2029,164597.93684793302
2030,299035.46296040766
2031,242741.44981685898
2032,242422.55699314128
2033,270825.61934679333
2034,165274.71383994923
2035,207362.00888750397
2036,193304.15818358006
2037,197000.2810880745
2038,284557.3367537174
2039,214678.04662376523
2040,347918.5360151072
2041,243498.54184349667
2042,196943.1347906933
2043,166476.33189668896
2044,183773.22825742545
2045,209290.75977718152
2046,143741.888220727
2047,148460.87247768903
2048,135746.55352949724
2049,139127.33885730125
2050,184181.82722710582
2051,103958.08145680495
2052,132239.67985472016
2053,151549.32419532764
2054,73232.0266320679
2055,158422.98978154294
2056,130712.39815288968
2057,117888.55913490897
2058,226228.65595565297
2059,139638.83502784508
2060,173628.7226299309
2061,178587.15767961607
2062,132768.22697157625
2063,107349.69843131007
2064,142451.65536710492
2065,130685.50815111981
2066,168268.97386569358
2067,115319.995836377
2068,139682.0160077518
2069,87040.62868898777
2070,107522.2921137981
2071,89499.68589062286
2072,127366.51719088535
2073,140153.70051781528
2074,191858.6057526151
2075,152944.43403654854
2076,130280.88433531925
2077,142783.4860424528
2078,123395.2898527797
2079,133212.43145533258
2080,123723.26534370986
2081,118854.2943267448
2082,124066.50008353835
2083,140605.07344578934
2084,106521.21969857333
2085,121526.68562985134
2086,154607.16299360458
2087,120206.1024513996
2088,97158.8322954274
2089,63565.60307349329
2090,131165.2896710778
2091,116719.08008243988
2092,137178.2286874526
2093,132659.8017864216
2094,136100.6561715887
2095,151636.66429527057
2096,86320.90429514633
2097,95524.28407968227
2098,156316.31888937342
2099,66389.74738132539
2100,98258.51457132472
2101,125202.40972336373
2102,138746.10346049795
2103,99587.01993575887
2104,124543.72866461528
2105,122031.25251032137
2106,71924.77338545657
2107,233589.86319910453
2108,119439.4674484781
2109,113916.5162561868
2110,129256.58996576529
2111,159501.43538603326
2112,126780.14995031313
2113,112320.3222809032
2114,107988.46247920075
2115,148453.526887825
2116,124542.77499224286
2117,146313.5263668991
2118,110530.02615942193
2119,99964.48325276357
2120,104885.19727313567
2121,95798.79035631496
2122,92373.56890727478
2123,94780.25444662904
2124,178980.03021219373
2125,140395.92896437444
2126,141186.89985724306
2127,169215.51904973327
2128,118034.77235381094
2129,114800.15055287564
2130,149482.05303270905
2131,181055.3674234241
2132,116145.51947723745
2133,120818.03233753255
2134,119916.99335047002
2135,105744.68940947806
2136,61874.22779470125
2137,124165.13989610123
2138,138522.8036461323
2139,152463.15293032778
2140,141907.80033821843
2141,144293.71414784598
2142,124969.3733493205
2143,128855.6154194915
2144,124784.43769162854
2145,138211.677433724
2146,162858.26008950383
2147,145095.71619176923
2148,129028.5703982023
2149,150569.80069627074
2150,208381.01353922367
2151,122704.61731774807
2152,188469.72841456762
2153,165122.30055781035
2154,110250.50077476286
2155,136721.38406221455
2156,248718.54780922164
2157,228956.79328288705
2158,237250.63909602797
2159,209859.53216549428
2160,176014.41251051746
2161,244480.22185782422
2162,423823.3403750705
2163,357439.82905736694
2164,248001.87122838575
2165,183309.91839580878
2166,147324.84954287938
2167,211057.97106921827
2168,195143.45105648763
2169,192593.56632123824
2170,218042.2244074025
2171,147642.63830438018
2172,140335.37980232324
2173,163795.90208371496
2174,245814.5563637915
2175,321491.67207955493
2176,314691.90636477876
2177,243517.42287964493
2178,213455.82566754404
2179,136665.67538266478
2180,239915.3151693322
2181,189048.69560727806
2182,219801.43196326363
2183,187037.22525982285
2184,135175.53371698994
2185,127370.99541168647
2186,149215.71106960234
2187,149901.67270969308
2188,163769.5317392296
2189,226973.1893413072
2190,89500.94999273372
2191,89500.94999273372
2192,102797.28706684514
2193,109005.9805318556
2194,108630.44966702515
2195,114528.98756353177
2196,100547.19415431743
2197,110254.8758062569
2198,166556.27526876205
2199,182393.14466027127
2200,129725.48994743731
2201,132370.4803978896
2202,202485.8266982198
2203,138706.87789874105
2204,164456.4012480085
2205,93850.34277362686
2206,138446.14699503532
2207,192903.18462855762
2208,254266.37774783504
2209,206352.5367585044
2210,127072.35845031393
2211,127365.86896124318
2212,112969.91097646324
2213,104488.4214778359
2214,126814.46176393736
2215,106577.69024729868
2216,153368.86650536774
2217,99179.41085151822
2218,77969.66693967613
2219,82616.86805893737
2220,83523.5442899728
2221,300051.3545544318
2222,244423.59583063517
2223,259335.49727201532
2224,214673.4101704843
2225,125424.32489360229
2226,209222.45570865774
2227,192217.6407089384
2228,264907.10573700507
2229,239770.51895238133
2230,158423.82044488096
2231,225010.6493014399
2232,184790.08759133253
2233,163413.15004337372
2234,229122.40894591692
2235,203381.2381415337
2236,287758.4653929491
2237,362047.7543612836
2238,213535.93728271648
2239,133121.61937655244
2240,160091.40577897307
2241,161479.22418817802
2242,127697.82911409148
2243,130642.0349170626
2244,109959.27930772552
2245,104947.05900383907
2246,147726.87966081704
2247,113729.35435227264
2248,123131.05275540575
2249,122248.8148262359
2250,136433.68815899937
2251,101261.97523370557
2252,178991.12660000304
2253,154555.04329726077
2254,181569.60513534409
2255,189305.1557957024
2256,187074.64961921095
2257,209333.11559961084
2258,176918.6180212752
2259,177603.93692838994
2260,160996.7003835006
2261,198909.422587498
2262,209618.97740947793
2263,337262.60700143303
2264,444345.91890120733
2265,187296.6398011141
2266,275397.70345820225
2267,361148.18745780695
2268,365367.8068122008
2269,149850.26098022275
2270,189910.22333521306
2271,220712.7957545017
2272,193643.0441761575
2273,159205.98623453875
2274,171362.3785298133
2275,180824.21969795035
2276,178754.48232208999
2277,181365.79582013705
2278,151457.30214028808
2279,116609.02951081499
2280,129180.29896519275
2281,157294.36580677546
2282,178482.90155382836
2283,102748.72658042198
2284,103477.59074827602
2285,157171.29353168985
2286,128310.57679891879
2287,332220.2034356115
2288,269553.24839321367
2289,417381.289356535
2290,427659.7391578065
2291,319788.602545168
2292,435858.96247927536
2293,454721.5368964491
2294,417069.3419083255
2295,421515.4792237565
2296,283289.32910720905
2297,301091.82419108856
2298,302237.2848500648
2299,390040.8330036164
2300,328824.09293657786
2301,258453.3742440559
2302,251784.198321459
2303,256242.8044346611
2304,239265.39704117208
2305,170987.89154429222
2306,170987.89154429222
2307,177610.9920630432
2308,225171.40566485902
2309,271951.04968957097
2310,210466.8387600313
2311,187740.79240712532
2312,178526.4869422261
2313,182941.02187092666
2314,182810.75205537496
2315,176621.32074317045
2316,188844.90901594135
2317,178274.74159614506
2318,172812.27396769827
2319,177740.38803998538
2320,181880.48655266766
2321,239860.34765252683
2322,174795.5712923376
2323,183967.7808222951
2324,172831.17340692063
2325,206314.1975507185
2326,169776.30693553187
2327,208126.3601489451
2328,218949.91392935428
2329,183417.818344454
2330,175959.75835382103
2331,366153.6430863013
2332,399225.48359683214
2333,326217.64676095935
2334,269586.6091845621
2335,261783.28008917213
2336,330869.9321626371
2337,197550.2159251368
2338,287910.48473765905
2339,236382.707747129
2340,392555.76799229643
2341,218278.49028009147
2342,240658.13278957084
2343,219849.8847140268
2344,236254.5350777545
2345,236915.0975861914
2346,218083.74067746862
2347,193359.16316039796
2348,226816.72712866098
2349,165438.19969832004
2350,266218.86069384293
2351,240392.6805641244
2352,250518.59307492623
2353,233393.16377510948
2354,141398.36538331362
2355,154809.749216753
2356,157240.62383870897
2357,197754.4603558505
2358,186116.7282905164
2359,121027.24795027544
2360,113016.74746245262
2361,142402.96894280624
2362,285534.52913075854
2363,130127.05471466207
2364,163399.03140028604
2365,218589.25532490129
2366,206715.1059336771
2367,226369.38294173262
2368,204810.7435232264
2369,221740.25627006765
2370,170667.97786746256
2371,161443.4958254415
2372,193635.4976981513
2373,269278.57539690996
2374,305373.0629992139
2375,256194.88080728598
2376,243158.72129152325
2377,320290.40325453243
2378,140629.45442904255
2379,194146.75992051166
2380,141970.3717095284
2381,156805.2901178306
2382,204772.59118555108
2383,210044.98245598623
2384,250158.92804374156
2385,161410.76964370094
2386,136466.49751459536
2387,135810.22181257445
2388,108262.68564716856
2389,135885.59598828846
2390,142013.22999919232
2391,141963.39039399318
2392,117078.76488534415
2393,176678.91692410578
2394,136235.95777716654
2395,209920.0323234811
2396,134791.88034624956
2397,211926.66274418402
2398,136310.54390948574
2399,59060.32776330759
2400,61438.461785693675
2401,108408.21248755495
2402,141389.51375913984
2403,139481.49171611076
2404,143465.0747605173
2405,154281.4859004971
2406,142364.9928405535
2407,126192.34440056449
2408,137164.1029180131
2409,113068.39641420195
2410,177127.12466541235
2411,123717.71884695865
2412,161659.49576613627
2413,133103.73728641658
2414,137720.28585185215
2415,137716.35165937463
2416,129495.40522769357
2417,125810.73961679128
2418,126843.04354109573
2419,121303.1479008596
2420,127129.22560922313
2421,143561.7234701022
2422,121142.92034967426
2423,130629.47785711075
2424,158932.29407455047
2425,236925.0383495116
2426,148705.14408660246
2427,129453.00671392574
2428,188500.07878469804
2429,118665.06976837147
2430,135528.39582874347
2431,111226.82928114201
2432,137587.88451725003
2433,144772.34735597813
2434,136493.27081596176
2435,140166.97563907245
2436,103417.26652435203
2437,100397.09778640146
2438,125501.25756721951
2439,106963.14458066522
2440,122786.88878500358
2441,109980.60126549288
2442,98675.87735916363
2443,126293.80968400578
2444,127166.92310774143
2445,76002.97954956695
2446,133570.8805103635
2447,180092.4625287206
2448,138286.4638344053
2449,101654.24224429156
2450,149842.6440343803
2451,115144.5066911073
2452,222162.1531881951
2453,94479.60415149837
2454,125569.55014929074
2455,128082.80564434342
2456,132804.9818964821
2457,121237.82163577173
2458,113959.4039445437
2459,102016.46278080178
2460,140018.4596671423
2461,104253.44544795946
2462,129955.13721364096
2463,122068.20795080032
2464,177914.55850115337
2465,119448.48489259472
2466,97350.88680699097
2467,152425.7658672254
2468,74313.68458224321
2469,71495.50275464305
2470,193745.63892023196
2471,225558.12870825286
2472,168259.88986057107
2473,126262.1519496545
2474,92573.06236586948
2475,234106.96628467992
2476,113620.32052705831
2477,128065.48178711192
2478,163808.88821552283
2479,103008.5471869828
2480,147448.85412071762
2481,117966.52197358318
2482,131588.2199543246
2483,107861.57323195101
2484,118278.69573147027
2485,125578.77206161252
2486,152317.3477005592
2487,193523.74215553448
2488,165686.9323907328
2489,150740.41741184128
2490,159907.69872646558
2491,102467.81631883027
2492,181561.59416762175
2493,150141.74589817974
2494,166257.13607569743
2495,97844.69808927974
2496,251852.19379803806
2497,147790.5720287068
2498,107884.57980315835
2499,101493.85354026732
2500,122964.90209433285
2501,136146.73161261226
2502,154042.03457861862
2503,94540.93000415347
2504,199457.89814647599
2505,220764.98319847742
2506,250311.64225608206
2507,322376.54909605987
2508,251747.09522692906
2509,216172.37347320336
2510,232361.5494398975
2511,187457.11531344667
2512,208564.19310572805
2513,208500.79459609083
2514,235632.49742099206
2515,142490.24609226146
2516,155583.6401385978
2517,138797.18080883028
2518,151163.47765169508
2519,211516.81171553663
2520,208325.3915605057
2521,193694.44348062386
2522,221564.67812291163
2523,127953.35829381294
2524,133737.63249467636
2525,149499.20054472744
2526,125938.42664824196
2527,100258.01149090259
2528,132056.17089628155
2529,128240.24372107492
2530,125136.74253730266
2531,249366.45111373987
2532,223859.58969993723
2533,199680.53525647416
2534,226920.77274087485
2535,316084.57704909076
2536,237429.7101145789
2537,231250.73771124086
2538,178981.9806402031
2539,193786.79703597448
2540,160700.55195333585
2541,185765.28499597198
2542,161934.58688871056
2543,127584.41029236933
2544,125783.44424673368
2545,128574.44999107892
2546,138265.90059085595
2547,144123.62805123386
2548,141577.66182898046
2549,165251.17814943456
2550,301464.26984478347
2551,143065.80457990326
2552,124636.6285911316
2553,78584.07913421768
2554,114639.878628897
2555,122424.39017963718
2556,105294.80918653903
2557,123417.39402092519
2558,158788.10427853922
2559,128513.59179214716
2560,126503.39321672534
2561,145041.45074232697
2562,122667.21962608412
2563,139199.32485595054
2564,184533.50689700764
2565,136133.08675209543
2566,131859.39322573808
2567,121075.68139514107
2568,190398.8667722526
2569,183735.2938714203
2570,126050.77627317737
2571,172979.03435405585
2572,187529.61552678127
2573,216775.9168468277
2574,260795.21032615902
2575,128153.5334276017
2576,128384.83511297943
2577,158868.5906197904
2578,87068.7338844587
2579,69314.77064794865
2580,134199.62263839133
2581,134812.04535565642
2582,117984.79066129438
2583,260212.6647451754
2584,155102.60132403288
2585,178321.07598476662
2586,228198.7024067169
2587,205616.6753154722
2588,165465.4288183514
2589,145351.01525131098
2590,208180.49516747013
2591,204823.5294685779
2592,204143.61833262286
2593,250100.8764508016
2594,180471.25734195765
2595,209948.76069755017
2596,338965.5502617525
2597,183633.00999985944
2598,265937.0376604005
2599,313404.10082102905
2600,233230.59660171793
2601,137685.44660833312
2602,72563.8549006241
2603,99125.78318831409
2604,88938.50555753891
2605,66788.73617120189
2606,139426.2643557057
2607,170172.76669334274
2608,229697.8480674452
2609,165215.43152665978
2610,111248.60298000602
2611,136461.10504185784
2612,151191.6070052527
2613,136170.15680791644
2614,127901.81555490787
2615,147885.6103741748
2616,142517.22463658158
2617,188976.57171157168
2618,203772.48662953658
2619,207238.1377238241
2620,183297.54676704106
2621,185695.10132723328
2622,187994.78736740322
2623,253061.39805803334
2624,287439.4142735684
2625,316565.8226896322
2626,162356.85954969114
2627,189732.47807493032
2628,415034.17543144117
2629,421645.64166742103
2630,350515.2981754599
2631,432416.5897920258
2632,426779.62324062857
2633,305871.7371205115
2634,394290.3016575715
2635,149027.5872453125
2636,190626.4103941355
2637,169048.98046979716
2638,258794.95170845606
2639,185568.35465343003
2640,151553.2815504041
2641,95401.90536320143
2642,189191.0602170562
2643,102284.4782251884
2644,126985.37080246296
2645,105053.8719517836
2646,96761.43674320259
2647,103473.64185017772
2648,142096.3878329232
2649,147051.11199088927
2650,155218.61530996594
2651,139327.2590535483
2652,402892.75058908795
2653,239927.66508639144
2654,228017.69420037008
2655,405996.863925334
2656,334086.75684307335
2657,333639.1749356956
2658,273516.79344557435
2659,317654.02264804917
2660,319806.21835099213
2661,364782.8228360461
2662,361415.6736053514
2663,270572.44890431565
2664,259047.64761587715
2665,303136.43356414174
2666,278762.4781704022
2667,171464.89812014258
2668,186840.67918989406
2669,161022.72375868305
2670,295505.1583826045
2671,185580.90970864013
2672,183393.51025295368
2673,198195.30534707083
2674,195916.5531381985
2675,169075.00968306567
2676,186906.8547704987
2677,190709.8379987855
2678,267775.04993373656
2679,271808.4092288908
2680,288378.8570592654
2681,400950.5979920236
2682,353948.527805455
2683,527874.8148957347
2684,318241.53011717164
2685,378774.7040795543
2686,253078.09837379635
2687,330652.2391434376
2688,228285.03161907234
2689,216227.65150360498
2690,481163.9237325066
2691,177313.0937815346
2692,137673.22559226034
2693,190188.72015882737
2694,143657.46877660716
2695,194323.70900757937
2696,187440.2733962252
2697,189764.91101107586
2698,195703.2183913148
2699,166440.88348966587
2700,150640.7767730818
2701,147929.1232986003
2702,100392.71213172967
2703,138478.0391709596
2704,145324.73980626772
2705,120824.18580072207
2706,117358.55554560662
2707,127518.43534612114
2708,137994.59425013568
2709,119444.527450102
2710,128046.24091914915
2711,312913.9236003543
2712,376337.8555853628
2713,160179.05556202386
2714,157333.7407190812
2715,163076.55903202042
2716,148817.1519806249
2717,181099.9639336425
2718,231280.64048177472
2719,159550.32158083707
2720,182741.14266500997
2721,130043.46288260455
2722,159770.58641323235
2723,157182.9614713102
2724,129626.14655060574
2725,130767.83972737091
2726,148073.14558924246
2727,180369.05024117438
2728,164004.34591284906
2729,153162.23934895097
2730,149594.63990926725
2731,129304.5110075912
2732,119008.6360874964
2733,167840.22087717286
2734,149996.2700130715
2735,126621.11446994795
2736,135317.6269049638
2737,126358.73759305636
2738,136773.27941607617
2739,161339.40762072956
2740,131560.30109734865
2741,141065.18787720357
2742,146831.23619561573
2743,140121.1059149749
2744,158292.71317936652
2745,141703.71802717238
2746,137741.77279939986
2747,152705.5483973988
2748,122039.22124171122
2749,130830.8620046136
2750,133035.07463001602
2751,138902.0587592435
2752,216039.22021743117
2753,146619.45947436994
2754,222361.66836379864
2755,122972.7610387654
2756,95650.21801922256
2757,66621.87287405315
2758,75308.8818506932
2759,156811.67899166243
2760,116743.5436841798
2761,137908.63711715818
2762,143194.76587337963
2763,201703.9539385908
2764,155221.95338414764
2765,284673.7406325264
2766,130733.05243650584
2767,80066.13326602466
2768,128741.63891363137
2769,132497.99316721392
2770,165535.49110577986
2771,122011.2052601188
2772,119548.91132857358
2773,146116.2466784286
2774,144621.02414152966
2775,120237.23917967228
2776,138744.52621052452
2777,146188.59415374586
2778,133569.89393906225
2779,117205.45071918659
2780,100415.44632053198
2781,94290.18696192576
2782,80463.93618860863
2783,91578.84018102326
2784,128952.15544497495
2785,132974.4832562117
2786,76761.97611766735
2787,130212.65877757783
2788,67995.95223668759
2789,221590.09031890574
2790,95713.2042522283
2791,113054.12800964864
2792,61809.018561372635
2793,167555.2338219611
2794,94815.20018998151
2795,104999.63128952452
2796,92739.14288183463
2797,217845.22931618118
2798,119421.6247292106
2799,107975.92482883432
2800,62744.30938435016
2801,118005.96299525374
2802,137955.8666880753
2803,154756.1636142908
2804,138392.02837656747
2805,103351.60748296561
2806,77854.05260642673
2807,170429.35277233433
2808,148685.10691005553
2809,137018.93385253625
2810,139791.30376106728
2811,154714.26934828
2812,148001.43217743956
2813,138619.52950995503
2814,147901.42166428073
2815,109274.28100550493
2816,247214.96824447953
2817,140021.593360141
2818,137746.89750389996
2819,164556.57718315706
2820,135342.28070019043
2821,109355.73767880708
2822,197681.6919271589
2823,267131.5803645429
2824,182257.79361128315
2825,168168.2513371527
2826,131152.85993521186
2827,142448.88823962962
2828,223066.4945755911
2829,189490.79835461115
2830,226859.48785087134
2831,190800.24775001753
2832,242682.04467113863
2833,284813.3510729446
2834,201968.6277026625
2835,211854.97863780372
2836,192403.3052172596
2837,166317.94856953036
2838,147471.02615504348
2839,185486.91616479514
2840,202592.79504256503
2841,202999.669117072
2842,216638.76340659146
2843,142944.87893818427
2844,148106.73146889516
2845,121180.67678964557
2846,203994.98761670946
2847,194425.36370928548
2848,230810.07399940316
2849,206139.4417050978
2850,291835.95569430816
2851,236083.93784399208
2852,239794.63331498916
2853,227987.02776133048
2854,137719.3506564797
2855,198284.79578611482
2856,203282.98153036943
2857,189214.7416126955
2858,200103.59106491512
2859,136064.8513172393
2860,120398.13062634566
2861,137406.73984675467
2862,196981.7200461228
2863,132319.30614143366
2864,248844.9148118013
2865,143065.80457990326
2866,168715.91120419328
2867,88223.17044169805
2868,98063.06193008629
2869,112710.20021618852
2870,132893.25865171317
2871,91036.6049998066
2872,45103.91728449434
2873,109992.7242133811
2874,133662.3973196389
2875,120039.71012207137
2876,177464.30064692727
2877,137148.03091038944
2878,169327.02772807895
2879,140589.240776114
2880,96812.51032466012
2881,140922.96297501304
2882,143819.41483861083
2883,180898.78975218136
2884,199878.80600048287
2885,179276.9251038891
2886,204072.88393928317
2887,114044.03251165221
2888,128406.98212744335
2889,53056.28339550059
2890,80127.02157265728
2891,135482.20602749562
2892,78793.72242819562
2893,107041.26529937459
2894,62218.514599463364
2895,297305.57583995786
2896,284258.4817163729
2897,188649.1629849579
2898,149220.6413236734
2899,228229.0573022056
2900,158448.20820651183
2901,213347.57420793583
2902,187588.04506117565
2903,341943.8329557332
2904,367646.89405763854
2905,104589.92890771001
2906,214369.43243994183
2907,105444.4710162111
2908,134793.11364671055
2909,148038.41354538687
2910,86909.9871682502
2911,71684.25450371919
2912,138750.1235833662
2913,86802.00917225252
2914,74488.47605187987
2915,79135.09186033279
2916,80550.63146941851
2917,178635.72989106088
2918,120054.40425570143
2919,233209.24382808886
